题3：Lena图像均值和方差（灰度图）
Mean = 99.051216
Variance = 2796.031839